897182
896125
896163
896887
897501
897383
897281
896452
897445
897321
897153
897155
897448
897435
897249
897424
897143
897528
897419
897290
895101
897386
897446
897287
897474
897077
897213
897257
897224
897439
897067
897381
896951
897483
897330
897340
897497
897380
897377
897116
897238
897324
897325
897433
897239
896517
897494
897378
896515
897354
897403
897360
897392
897410
897493
897382
897204
896642
897115
897512
896988
897103
897337
897359
897364
897462
897498
897109
897296
897455
897289
896651
897411
897444
897396
897421
897527
897481
897516
897064
897363
897395
